CHR	BP_START	BP_END	BP_LENGTH	PEM_PATTERN	A_J	AKR_J	BALB_cJ	C3H_HeJ	C57BL_6NJ	CBA_J	DBA_2J	LP_J
19	3205551	3206280	730	Q6_del	1	1	1	1	0	1	1	1
19	3223444	3229283	5840	Q6_del	0	0	0	0	0	0	1	0
19	3441625	3441803	179	Q7_del	1	1	1	1	0	1	1	0
19	3607295	3607490	196	H1_del	1	1	1	1	0	1	1	0
19	4278909	4279029	121	H2_del	0	0	0	0	0	1	1	0
19	4310167	4310380	214	H2_del	1	1	1	1	0	1	1	0
19	4345879	4346043	165	H2_del	1	1	1	1	0	1	1	0
19	4388374	4388595	222	H2_del	1	1	1	1	0	1	1	0
19	4428256	4428389	134	H2_del	1	1	1	1	0	1	1	0
19	4630343	4630484	142	H1_del	1	1	1	1	0	1	1	0
19	4639375	4639587	213	H1_del	1	1	1	1	0	1	1	0
19	4818278	4820189	1912	H3_del	1	1	1	1	0	0	0	0
19	4845052	4845341	290	H2_del	0	0	0	0	0	1	1	0
19	4895591	4895759	169	H1_del	1	1	1	1	0	1	1	0
19	4924979	4925206	228	H2_del	1	1	1	1	0	1	1	0
19	4939318	4939715	398	Q7_del	1	1	1	1	0	1	1	0
19	4967174	4967361	188	H1_del	1	1	1	1	0	1	1	0
19	4973717	4974000	284	H2_del	0	0	0	0	0	1	1	0
19	5077685	5077961	277	Q7_del	1	1	1	1	0	0	0	0
19	5205017	5205182	166	Q7_del	1	1	1	1	0	1	1	0
19	5386154	5386379	226	H2_del	1	1	1	1	0	0	0	0
19	5399454	5399673	220	Q7_del	1	1	1	1	0	0	0	0
19	5406363	5406830	468	H2_del	1	1	1	1	0	0	0	0
19	5435940	5436826	887	H2_del	1	1	1	1	0	0	0	0
19	5443309	5443709	401	Q7_del	1	1	1	1	0	0	0	0
19	5492788	5493522	735	Q6_del	0	0	0	0	0	0	1	0
19	5792250	5792442	193	H1_del	0	0	0	0	0	1	1	0
19	6004145	6004691	547	Q7_del	0	1	0	1	0	1	1	0
19	6022691	6022873	183	H2_del	1	1	1	1	0	1	1	0
19	6055150	6057762	2613	Q6_del	1	1	1	1	0	1	1	1
19	6290648	6290872	225	H3_del	0	0	0	0	0	1	1	0
19	6380204	6380390	187	H2_del	0	0	0	0	0	1	1	0
19	6395353	6395610	258	H2_del	0	0	0	0	0	1	1	0
19	6558426	6559112	687	Q7_del	0	0	0	0	0	1	1	0
19	6565969	6566096	128	H1_del	0	0	0	0	0	1	1	0
19	6603051	6603255	205	H2_del	0	0	0	0	0	1	1	0
19	6629375	6629473	99	H1_del	0	0	0	0	0	1	1	0
19	6633820	6634570	751	Q7_del	0	0	0	0	0	1	1	0
19	6643299	6643335	37	H1_del	0	0	0	0	0	1	1	0
19	6667695	6667939	245	Q7_del	0	0	0	0	0	1	1	0
19	6679848	6680037	190	H2_del	0	0	0	0	0	1	1	0
19	7123700	7124370	671	Q7_del	0	0	0	0	0	1	1	0
19	7252710	7252935	226	H2_del	0	0	0	0	0	1	1	0
19	7269079	7274123	5045	Q6_del	0	0	0	0	0	0	1	0
19	7431746	7431884	139	H1_del	0	0	0	0	0	1	1	0
19	7496338	7496549	212	H2_del	0	0	0	0	0	1	1	0
19	7570131	7570931	801	Q7_del	0	0	0	0	0	1	1	0
19	8038369	8038604	236	H2_del	0	0	0	0	0	1	1	0
19	8088870	8089514	645	Q7_del	0	0	0	0	0	1	1	0
19	8234640	8236825	2186	H2_del	0	0	0	0	0	1	1	0
19	8261413	8261517	105	H1_del	0	0	0	0	0	1	1	0
19	8311907	8312482	576	Q7_del	0	0	0	0	0	1	1	0
19	8346233	8346703	471	Q7_del	0	0	0	0	0	1	1	0
19	8450095	8451969	1875	H2_del	0	0	0	0	0	1	1	0
19	8701059	8701261	203	H2_del	0	0	0	0	0	1	1	0
19	8726527	8726649	123	H1_del	0	0	0	0	0	1	1	0
19	8726907	8727140	234	H1_del	0	0	0	0	0	1	1	0
19	8727323	8727714	392	H1_del	0	0	0	0	0	1	1	0
19	8736534	8736742	209	H1_del	0	0	0	0	0	1	1	0
19	8889238	8890578	1341	Q6_del	1	1	0	1	0	1	0	1
19	8957230	8957407	178	H1_del	1	0	1	1	0	0	0	0
19	8964455	8964524	70	H1_del	1	0	1	1	0	0	0	0
19	9152268	9161741	9474	H2_del	1	0	1	1	0	0	0	0
19	9172542	9178987	6446	H2_del	1	0	1	1	0	0	0	0
19	9180104	9419675	239572	Q4_del	1	0	1	1	0	0	0	0
19	9451984	9454801	2818	H2_del	1	0	1	1	0	0	0	0
19	9454814	9461981	7168	Q9_inv	1	0	1	1	0	0	0	0
19	9478268	9483411	5144	H2_del	1	0	1	1	0	0	0	0
19	9502118	9507880	5763	H2_del	1	0	1	1	0	0	0	0
19	9587497	9603380	15884	Q4_del	1	0	1	1	0	0	0	0
19	10074294	10074392	99	H1_del	1	0	1	1	0	0	0	0
19	10106152	10106353	202	H2_del	1	0	1	1	0	1	1	0
19	10110294	10110576	283	H2_del	1	0	1	1	0	1	1	0
19	10158289	10158489	201	H1_del	1	0	1	1	0	1	1	0
19	10166179	10166381	203	H2_del	1	0	1	1	0	1	1	0
19	10180237	10180450	214	H2_del	1	0	1	1	0	1	1	0
19	10327930	10327995	66	H1_del	1	1	1	1	0	1	1	0
19	10471063	10471739	677	Q7_del	1	1	1	1	0	1	1	0
19	10509165	10509843	679	Q7_del	1	1	1	1	0	1	1	0
19	10568161	10568443	283	H1_del	1	0	1	1	0	1	1	0
19	10670986	10671111	126	H2_del	1	0	0	1	0	1	1	0
19	10672813	10673067	255	Q7_del	1	0	0	0	0	0	0	0
19	10714982	10715303	322	H1_del	0	0	0	1	0	1	1	0
19	10717599	10718011	413	H1_del	0	0	0	1	0	1	1	0
19	10750990	10751104	115	Q7_del	0	0	0	1	0	1	1	0
19	10751939	10752233	295	H1_del	0	0	0	1	0	1	1	0
19	10802257	10802481	225	H1_del	1	0	0	0	0	0	0	0
19	10807626	10808076	451	H2_del	1	0	0	1	0	1	1	0
19	10885923	10886876	954	H1_del	0	0	0	1	0	1	1	0
19	10885923	10887573	1651	Q5_del	0	0	0	1	0	1	1	0
19	10954483	10956426	1944	H2_del	1	0	0	0	0	0	0	0
19	10977646	10977808	163	H1_del	1	0	0	0	0	0	0	0
19	11150586	11152221	1636	H2_del	1	0	0	0	0	0	0	0
19	11159651	11159902	252	H1_del	1	0	0	0	0	0	0	0
19	11217131	11223938	6808	H2_del	1	1	1	0	0	0	0	0
19	11576770	11577706	937	H2_del	1	0	1	0	0	0	0	0
19	11592992	11599896	6905	H2_del	1	0	1	0	0	0	0	0
19	11779129	11791839	12711	Q6_del	0	1	0	0	0	0	0	0
19	11785860	11785965	106	H1_del	1	0	1	0	0	0	0	0
19	11843090	11843501	412	H1_del	1	0	1	0	0	0	0	0
19	11906048	11906497	450	H1_del	1	0	1	0	0	0	0	0
19	11938549	11938738	190	H2_del	1	0	1	1	0	1	1	0
19	11942393	11942573	181	H2_del	1	0	1	1	0	1	1	0
19	11948885	11949052	168	H1_del	1	0	1	1	0	1	1	0
19	11984857	11985097	241	H1_del	1	0	1	1	0	1	1	0
19	12068872	12069368	497	H2_del	0	0	0	1	0	1	1	0
19	12082322	12082588	267	H1_del	0	0	0	1	0	1	1	0
19	12082909	12083035	127	H1_del	0	0	0	1	0	1	1	0
19	12083960	12084328	369	H1_del	0	0	0	1	0	1	1	0
19	12084988	12085509	522	H1_del	0	0	0	1	0	1	1	0
19	12085800	12085867	68	H1_del	0	0	0	1	0	1	1	0
19	12086229	12086733	505	H2_del	0	0	0	1	0	1	1	0
19	12158076	12161515	3440	H2_del	0	0	0	1	0	1	1	0
19	12167683	12170415	2733	Q4_del	0	0	0	1	0	1	1	0
19	12171657	12175598	3942	H1_del	0	0	0	1	0	1	1	0
19	12176451	12238625	62175	Q4_del	1	0	1	0	0	0	0	0
19	12247468	12248276	809	H1_del	1	0	1	0	0	0	0	0
19	12273095	12273259	165	Q7_del	1	0	1	0	0	0	0	0
19	12284155	12284252	98	H1_del	1	0	1	0	0	0	0	0
19	12447428	12454811	7384	H2_del	1	0	1	0	0	0	0	0
19	12484075	12485168	1094	Q9_inv	1	0	1	0	0	0	0	0
19	12503103	12509311	6209	H2_del	0	0	0	1	0	1	1	0
19	12556494	12557497	1004	H1_del	0	0	0	1	0	1	1	0
19	12579502	12583081	3580	H1_del	1	0	1	0	0	0	0	0
19	12593267	12595146	1880	H1_del	1	0	1	0	0	0	0	0
19	12814921	12815146	226	H2_del	1	0	1	1	0	1	1	0
19	12821745	12823062	1318	H2_del	1	0	1	1	0	1	1	0
19	12884151	12920451	36301	Q9_inv	0	0	0	1	0	0	0	0
19	12974099	12976710	2612	Q9_inv	0	0	0	1	0	1	1	0
19	13001030	13001102	73	H2_del	1	0	1	0	0	0	0	0
19	13380284	13380737	454	H2_del	0	0	0	1	0	1	1	0
19	13455777	13455945	169	H1_del	0	0	0	1	0	1	1	0
19	13537642	13540441	2800	H2_del	0	0	0	1	0	1	1	0
19	13770436	13777227	6792	H2_del	0	0	0	1	0	1	1	0
19	13866685	13867026	342	H1_del	0	0	0	1	0	1	1	0
19	13871854	13872251	398	H2_del	0	1	0	1	0	1	1	0
19	13899427	13906321	6895	H2_del	0	1	0	1	0	1	1	0
19	13998552	14011470	12919	H2_del	0	0	0	1	0	1	1	0
19	14024542	14025021	480	H2_del	0	0	0	1	0	1	1	0
19	14149141	14149214	74	H1_del	0	0	0	1	0	1	1	0
19	14172252	14173174	923	H2_del	0	0	0	1	0	1	1	0
19	14211199	14211670	472	H1_del	0	0	0	1	0	1	1	0
19	14235451	14235758	308	H1_del	0	1	0	1	0	1	1	0
19	14256783	14257261	479	H2_del	0	0	0	1	0	1	1	0
19	14261523	14267981	6459	H2_del	0	0	0	1	0	1	1	0
19	14270564	14270681	118	H1_del	0	0	0	1	0	1	1	0
19	14313869	14314069	201	H1_del	0	0	0	1	0	1	1	0
19	14559147	14559459	313	Q7_del	0	1	0	1	0	1	1	0
19	14569456	14569652	197	H2_del	0	1	0	1	0	1	1	0
19	14766518	14766852	335	H1_del	0	1	0	0	0	0	0	0
19	14791314	14792662	1349	H2_del	0	1	0	1	0	1	1	0
19	14937234	14937903	670	Q7_del	0	1	0	0	0	0	0	0
19	15145572	15148768	3197	Q6_del	0	1	0	0	0	0	0	0
19	15527013	15527511	499	H2_del	1	1	1	1	0	1	1	0
19	15839394	15846603	7210	H2_del	1	1	0	1	0	1	1	0
19	15880894	15881928	1035	H1_del	0	1	0	0	0	0	0	0
19	15883235	15884978	1744	H1_del	0	1	0	0	0	0	0	0
19	15905657	15909486	3830	Q6_del	1	1	1	1	0	1	1	0
19	15906122	15906961	840	Q6_del	1	1	1	1	0	1	1	0
19	15914881	15920971	6091	Q6_del	1	1	1	1	0	1	1	0
19	15927489	15927645	157	H1_del	0	1	0	1	0	1	1	0
19	15956505	15958427	1923	H2_del	0	0	1	0	0	0	0	0
19	16400880	16400952	73	H1_del	1	1	0	1	0	1	1	0
19	16507436	16507911	476	H1_del	0	1	0	0	0	0	0	0
19	16798375	16799871	1497	H1_del	0	0	0	1	0	0	0	0
19	16801207	16801699	493	Q7_del	0	0	0	0	0	1	1	0
19	16805704	16806231	528	H2_del	0	0	0	0	0	1	1	0
19	16833892	16834838	947	H1_del	0	0	1	0	0	0	0	0
19	16852925	16853150	226	H1_del	1	0	0	0	0	1	1	1
19	16888430	16890133	1704	H1_del	0	0	0	0	0	1	1	0
19	16889369	16890093	725	Q9_inv	1	0	1	0	0	0	0	1
19	16974499	16974628	130	H1_del	0	0	0	0	0	1	1	0
19	17017851	17020503	2653	H2_del	1	1	0	1	0	1	1	1
19	17038957	17039028	72	H2_del	0	0	0	0	0	1	1	0
19	17044772	17047042	2271	Q7_del	0	0	0	0	0	1	1	0
19	17061369	17061530	162	H1_del	1	1	0	1	0	0	0	0
19	17072687	17072762	76	H1_del	1	1	0	1	0	1	1	1
19	17075053	17075522	470	H1_del	0	0	0	0	0	1	1	1
19	17076331	17076564	234	H2_del	0	0	0	0	0	1	1	1
19	17083600	17083784	185	H1_del	0	0	0	0	0	1	1	1
19	17139129	17139297	169	Q7_del	1	1	1	1	0	1	1	1
19	17145691	17145844	154	H5_inv	0	0	0	0	0	1	1	1
19	17145809	17146231	423	H1_del	0	0	0	0	0	1	1	1
19	17173741	17174617	877	H2_del	0	0	0	0	0	1	1	1
19	17231889	17231961	73	H1_del	0	0	0	0	0	1	1	1
19	17245544	17245648	105	Q7_del	1	1	1	1	0	1	1	1
19	17246194	17247497	1304	H1_del	1	1	1	1	0	0	0	0
19	17246858	17247087	230	H1_del	0	0	0	0	0	1	1	1
19	17258142	17258325	184	H2_del	0	0	0	0	0	1	1	1
19	17261008	17261995	988	H1_del	0	0	0	0	0	1	1	1
19	17280306	17281618	1313	H1_del	0	0	0	0	0	1	1	1
19	17286986	17287060	75	H1_del	0	0	0	0	0	1	1	1
19	17292456	17292791	336	Q7_del	1	1	1	1	0	1	1	1
19	17302167	17309593	7427	Q7_del	1	1	1	1	0	1	1	1
19	17325091	17325242	152	Q7_del	1	1	1	1	0	1	1	1
19	17335995	17336085	91	H1_del	0	0	0	0	0	1	1	0
19	17377382	17377849	468	H3_del	0	0	0	0	0	1	1	0
19	17386973	17387151	179	H2_del	0	0	0	0	0	1	1	0
19	17415484	17415964	481	H1_del	0	0	0	0	0	1	1	0
19	17429763	17430046	284	Q7_del	0	0	1	0	0	1	1	0
19	17518874	17518960	87	H1_del	0	1	1	0	0	0	0	1
19	17668459	17668750	292	H2_del	0	0	0	0	0	1	1	0
19	17843899	17844108	210	H2_del	0	0	0	0	0	1	1	0
19	17857284	17857641	358	H2_del	0	0	0	0	0	1	1	0
19	17868243	17868702	460	H2_del	0	0	0	0	0	1	1	0
19	17870758	17870824	67	H1_del	0	0	0	0	0	1	1	0
19	17928127	17928547	421	H2_del	0	0	0	0	0	1	1	0
19	17935833	17942332	6500	H2_del	0	0	0	0	0	1	1	0
19	18058901	18060739	1839	H2_del	0	0	0	0	0	1	1	0
19	18096725	18100619	3895	H2_del	0	0	0	0	0	1	1	1
19	18121691	18122017	327	H2_del	0	0	0	0	0	1	1	1
19	18144559	18144656	98	H1_del	0	0	0	0	0	0	0	1
19	18195106	18197313	2208	H2_del	1	1	1	1	0	0	0	1
19	18226608	18232863	6256	H2_del	0	1	1	0	0	1	1	0
19	18243577	18249951	6375	H2_del	0	0	0	1	0	0	0	0
19	18263696	18266988	3293	H2_del	0	1	1	0	0	0	0	0
19	18267845	18267960	116	H1_del	0	1	1	0	0	1	1	0
19	18286155	18292633	6479	H2_del	1	1	1	1	0	1	1	1
19	18396639	18397320	682	H2_del	0	0	0	0	0	0	0	1
19	18483480	18490378	6899	H2_del	0	1	1	0	0	0	0	0
19	18491321	18491588	268	Q2_del	0	1	1	0	0	0	0	0
19	18617347	18617518	172	H2_del	1	0	0	1	0	1	1	0
19	18698814	18699595	782	H1_del	1	0	0	1	0	1	0	0
19	18793846	18794152	307	Q7_del	0	1	0	0	0	0	0	0
19	18809088	18809262	175	H1_del	0	1	0	0	0	0	0	0
19	18850852	18852445	1594	H1_del	1	0	1	1	0	1	0	1
19	18863625	18863709	85	H1_del	1	1	1	1	0	1	1	1
19	18899043	18899122	80	H1_del	1	1	1	1	0	1	1	1
19	18920151	18924407	4257	H2_del	0	1	1	0	0	0	0	1
19	18926465	18926845	381	H2_del	0	1	1	0	0	0	0	1
19	19322041	19322763	723	H1_del	1	0	1	1	0	1	0	0
19	19414526	19416211	1686	H1_del	1	0	1	1	0	1	0	0
19	19460850	19461188	339	H1_del	0	1	0	0	0	0	0	0
19	19763443	19767179	3737	H1_del	1	0	0	1	0	1	0	0
19	19795567	19796013	447	H2_del	0	1	1	0	0	0	1	1
19	19814281	19814963	683	Q3_del	0	1	1	0	0	0	1	1
19	19854838	19855998	1161	H1_del	0	1	0	0	0	0	0	0
19	19870425	19876856	6432	H2_del	1	1	0	1	0	1	1	1
19	19901483	19901696	214	H1_del	0	1	0	0	0	0	0	0
19	19910284	19910377	94	Q2_del	1	1	1	1	0	1	1	1
19	19916394	19916845	452	H2_del	0	0	0	1	0	0	1	1
19	19964016	19964096	81	H1_del	1	1	1	0	0	1	0	0
19	19983753	19984067	315	Q2_del	1	0	0	0	0	1	0	0
19	19983753	19985575	1823	Q5_del	1	0	0	0	0	1	0	0
19	20026340	20026702	363	Q7_del	0	0	0	1	0	0	1	1
19	20043509	20044313	805	H1_del	0	1	1	0	0	0	0	0
19	20063372	20063759	388	H1_del	1	0	0	0	0	1	0	0
19	20067640	20067849	210	H1_del	1	0	0	0	0	1	0	0
19	20095303	20095741	439	H1_del	0	0	0	1	0	0	1	1
19	20139828	20144374	4547	H2_del	1	1	1	1	0	1	1	1
19	20191867	20191979	113	H1_del	1	0	0	1	0	1	1	1
19	20288252	20290138	1887	H2_del	0	1	1	1	0	0	1	1
19	20391049	20391125	77	Q7_del	1	1	1	1	0	1	1	1
19	20430360	20430520	161	H2_del	1	1	1	1	0	1	1	1
19	20474294	20476180	1887	Q3_del	1	1	1	1	0	1	1	1
19	20561081	20561482	402	H1_del	0	1	0	0	0	0	0	0
19	20567353	20576316	8964	H3_del	0	1	0	0	0	0	0	0
19	20612205	20612240	36	H1_del	1	0	0	0	0	1	0	0
19	20748888	20755420	6533	H2_del	1	0	1	0	0	1	0	0
19	20766550	20774742	8193	H2_del	1	0	1	0	0	1	0	0
19	20790288	20790742	455	Q5_del	1	0	1	0	0	1	0	0
19	20808302	20808419	118	H1_del	1	0	1	0	0	1	0	0
19	20839697	20843753	4057	H2_del	0	1	1	0	0	0	0	0
19	20855779	20855936	158	H1_del	0	1	1	0	0	0	0	0
19	20862287	20862428	142	H1_del	0	1	1	0	0	0	0	0
19	21058328	21064686	6359	H2_del	0	1	1	0	0	0	0	0
19	21069106	21069351	246	H1_del	0	1	1	0	0	0	0	0
19	21291628	21292626	999	H2_del	0	1	1	0	0	0	0	0
19	21293606	21293837	232	H1_del	0	1	1	0	0	0	0	0
19	21296682	21296881	200	H2_del	0	1	1	0	0	0	0	0
19	21361574	21361741	168	H1_del	0	1	1	0	0	0	0	1
19	21448552	21449722	1171	H2_del	1	1	1	0	0	0	0	1
19	21474402	21474494	93	H1_del	1	1	1	0	0	0	0	1
19	21500438	21501046	609	Q5_del	1	1	1	0	0	0	0	1
19	21503774	21503893	120	Q7_del	1	1	1	1	0	1	1	1
19	21515353	21515563	211	H1_del	1	1	1	0	0	0	0	1
19	21518767	21518948	182	H2_del	0	1	1	1	0	1	1	1
19	21532534	21534442	1909	H2_del	1	1	1	1	0	1	1	1
19	21597965	21598748	784	Q5_del	0	1	0	0	0	0	0	1
19	21603518	21603779	262	Q7_del	0	0	0	0	0	0	0	1
19	21613983	21614115	133	H1_del	0	0	0	0	0	0	0	1
19	21839159	21839358	200	Q7_del	0	0	0	1	0	1	1	1
19	21881607	21881831	225	H2_del	1	1	1	1	0	1	1	1
19	21886299	21891171	4873	Q9_inv	0	0	0	1	0	1	1	1
19	21911464	21911902	439	Q7_del	0	0	0	1	0	1	1	1
19	21917976	21918096	121	H2_del	0	0	0	1	0	1	1	1
19	21919893	21934599	14707	H3_del	0	0	0	1	0	1	1	1
19	21937193	21938582	1390	Q2_del	1	1	1	1	0	1	1	1
19	21949145	21949351	207	H1_del	1	0	1	0	0	0	0	0
19	21950329	21953488	3160	H1_del	1	0	1	0	0	0	0	0
19	21976184	21982421	6238	H2_del	1	1	1	1	0	1	1	1
19	22001275	22001413	139	H1_del	1	0	1	0	0	0	0	0
19	22118608	22118814	207	H2_del	1	1	1	0	0	0	0	0
19	22136095	22136605	511	H1_del	0	1	0	1	0	1	1	1
19	22155295	22155458	164	H1_del	1	0	1	0	0	0	0	0
19	22158473	22159254	782	H2_del	1	0	1	0	0	0	0	0
19	22177262	22178629	1368	H2_del	1	0	1	0	0	0	0	0
19	22253985	22254207	223	H2_del	1	1	1	1	0	1	1	1
19	22327331	22327956	626	Q2_del	1	1	1	0	0	0	0	1
19	22406141	22409694	3554	H2_del	1	1	1	1	0	1	1	1
19	22431483	22431540	58	H1_del	1	1	1	1	0	1	1	1
19	22441015	22443662	2648	H2_del	0	1	0	1	0	1	1	0
19	22460177	22460436	260	H1_del	1	0	1	1	0	1	1	1
19	22588198	22588603	406	Q3_del	1	1	1	1	0	1	1	1
19	22589845	22589952	108	Q7_del	1	1	1	1	0	1	1	1
19	22644258	22651679	7422	H2_del	1	0	1	1	0	1	1	1
19	22722388	22728260	5873	H2_del	1	1	1	1	0	1	1	1
19	22797462	22797600	139	H1_del	1	1	1	1	0	1	1	1
19	22807974	22808150	177	H2_del	0	1	0	1	0	1	1	0
19	22833222	22840585	7364	H2_del	0	0	0	1	0	1	1	0
19	22886750	22887328	579	Q7_del	0	0	0	1	0	1	1	0
19	22907679	22908550	872	H1_del	0	0	0	1	0	1	1	0
19	22912638	22912893	256	H1_del	0	1	0	0	0	0	0	0
19	22933921	22934242	322	H2_del	0	0	0	1	0	1	1	0
19	23009818	23010205	388	H1_del	0	0	0	1	0	1	1	0
19	23017883	23018183	301	H1_del	0	0	0	1	0	1	1	0
19	23059334	23059688	355	Q1_del	1	1	1	1	0	1	1	1
19	23076217	23076414	198	H1_del	0	0	0	1	0	1	1	0
19	23098226	23098925	700	H3_del	0	0	0	1	0	1	1	0
19	23158379	23158705	327	H1_del	0	0	0	1	0	1	1	0
19	23208983	23228227	19245	Q6_del	0	0	0	1	0	1	0	1
19	23233507	23233710	204	H1_del	0	0	0	1	0	1	1	0
19	23263931	23264418	488	H1_del	0	0	0	1	0	1	1	0
19	23270561	23270733	173	H1_del	0	0	0	1	0	1	1	0
19	23283772	23284145	374	H1_del	0	0	0	1	0	1	1	0
19	23449255	23449376	122	H1_del	0	0	0	1	0	1	1	0
19	23478125	23478987	863	H1_del	0	0	0	1	0	1	1	0
19	23484615	23485059	445	H2_del	0	0	0	1	0	1	1	0
19	23510644	23510742	99	Q7_del	1	1	1	0	0	0	0	1
19	23526233	23526334	102	Q7_del	0	0	0	1	0	1	1	0
19	23546541	23548433	1893	H2_del	0	0	1	1	0	1	1	1
19	23568430	23568576	147	H1_del	1	1	0	1	0	1	1	0
19	23571473	23572002	530	H2_del	0	0	0	1	0	1	1	0
19	23598041	23603563	5523	H1_del	0	0	0	1	0	1	1	0
19	23619261	23620362	1102	Q3_del	0	0	0	1	0	1	1	0
19	23619368	23619759	392	Q7_del	1	1	1	0	0	0	0	1
19	23621800	23622368	569	H1_del	0	0	0	1	0	1	1	0
19	23675816	23676768	953	H1_del	0	0	0	1	0	1	1	0
19	23750644	23754070	3427	H2_del	1	1	1	1	0	1	1	0
19	23793243	23793434	192	Q1_del	1	1	0	1	0	1	1	0
19	23839075	23839571	497	Q7_del	1	1	1	1	0	1	1	1
19	23944244	23944724	481	H1_del	0	0	1	1	0	1	1	0
19	23956916	23957525	610	H2_del	1	1	1	1	0	1	1	0
19	23985124	23986334	1211	Q7_del	1	1	1	1	0	1	1	0
19	24040348	24042263	1916	H2_del	0	0	1	1	0	1	1	0
19	24042345	24043143	799	Q7_del	0	0	1	1	0	1	1	0
19	24052073	24053290	1218	H1_del	0	0	1	1	0	1	1	0
19	24077738	24078018	281	H1_del	0	0	1	1	0	1	1	0
19	24117395	24117590	196	H1_del	0	0	1	1	0	1	1	0
19	24147412	24147585	174	H2_del	1	1	1	1	0	1	1	0
19	24181969	24182007	39	Q7_del	0	0	1	1	0	1	1	0
19	24185755	24186008	254	Q7_del	0	0	1	1	0	1	1	0
19	24189502	24189734	233	H1_del	0	0	1	1	0	1	1	0
19	24201967	24202085	119	H2_del	0	0	1	1	0	1	1	0
19	24227188	24227398	211	H1_del	0	0	1	1	0	1	1	0
19	24230357	24230821	465	H1_del	0	0	1	1	0	1	1	0
19	24270009	24270147	139	H1_del	0	0	1	1	0	1	1	0
19	24283211	24283630	420	H1_del	1	1	0	0	0	0	0	0
19	24287094	24287502	409	H2_del	1	1	1	1	0	1	1	0
19	24296184	24296888	705	H3_del	1	1	0	0	0	0	0	0
19	24299826	24300018	193	Q7_del	1	1	1	1	0	1	1	0
19	24308739	24308925	187	H2_del	1	1	1	1	0	1	1	0
19	24325504	24325523	20	Q7_del	1	1	0	0	0	0	0	0
19	24350603	24350645	43	Q7_del	0	0	1	1	0	1	1	0
19	24364420	24365010	591	Q7_del	0	0	1	1	0	1	1	0
19	24392551	24392592	42	H2_del	1	0	1	1	0	1	1	0
19	24447660	24449276	1617	H1_del	1	0	0	0	0	0	0	0
19	24451996	24452206	211	H1_del	1	0	0	0	0	0	0	0
19	24470737	24470933	197	H2_del	1	0	1	1	0	1	1	0
19	24493884	24494204	321	H1_del	1	0	0	0	0	0	0	0
19	24525734	24526017	284	Q7_del	1	0	0	0	0	0	0	0
19	24533901	24534104	204	Q7_del	0	0	1	1	0	1	1	0
19	24544608	24544804	197	H2_del	0	0	1	1	0	1	1	0
19	24608453	24608703	251	H1_del	0	0	1	1	0	1	1	0
19	24612994	24613538	545	H2_del	0	0	1	1	0	1	1	0
19	24622680	24622856	177	H1_del	0	0	1	1	0	1	1	0
19	24695204	24697016	1813	H1_del	0	0	1	1	0	1	1	0
19	24774666	24776090	1425	H3_del	0	0	1	1	0	1	1	0
19	24802892	24802983	92	Q7_del	0	1	0	0	0	0	0	0
19	24809210	24809857	648	H1_del	0	1	0	0	0	0	0	0
19	24819321	24819371	51	H1_del	0	0	1	1	0	1	1	0
19	24821073	24821224	152	H2_del	0	0	1	1	0	1	1	0
19	24827033	24833440	6408	H2_del	0	1	1	1	0	1	1	0
19	24836946	24836961	16	H1_del	0	0	1	0	0	0	1	0
19	24875641	24876863	1223	H2_del	1	1	1	1	0	1	1	0
19	24884450	24891894	7445	Q9_inv	0	0	1	1	0	1	1	0
19	24890336	24892417	2082	H1_del	0	1	0	0	0	0	0	0
19	24907943	24908504	562	H2_del	1	1	1	1	0	1	1	0
19	24910324	24910527	204	H1_del	0	0	1	1	0	1	1	0
19	24912208	24919223	7016	H1_del	0	0	1	1	0	1	1	0
19	24912208	24919223	7016	Q3_del	1	1	0	0	0	0	0	0
19	25033138	25033587	450	H2_del	1	1	1	1	0	1	1	0
19	25057492	25057600	109	Q7_del	0	0	1	0	0	0	0	0
19	25084622	25085101	480	H2_del	0	1	1	1	0	1	1	0
19	25125533	25125688	156	H2_del	0	1	0	0	0	0	0	0
19	25148569	25149016	448	Q7_del	0	0	0	1	0	1	1	0
19	25203503	25203720	218	Q1_del	1	0	1	0	0	0	0	0
19	25210621	25210852	232	H1_del	1	0	1	0	0	0	0	0
19	25262022	25262415	394	H2_del	1	0	1	1	0	1	1	0
19	25264811	25265028	218	H2_del	1	0	1	1	0	1	1	0
19	25313478	25313736	259	Q7_del	0	0	0	1	0	1	0	1
19	25371029	25372228	1200	Q2_del	1	0	1	0	0	0	0	1
19	25407463	25407786	324	H1_del	0	1	0	0	0	0	0	0
19	25471619	25472346	728	Q7_del	0	0	0	1	0	1	1	0
19	25632623	25632743	121	Q7_del	0	0	0	1	0	1	1	0
19	25636653	25637024	372	Q1_del	0	0	0	1	0	1	1	0
19	25668666	25670094	1429	H1_del	1	0	0	0	0	0	0	0
19	25679244	25679334	91	H1_del	0	0	0	1	0	1	1	0
19	25717788	25718267	480	Q7_del	0	0	0	1	0	1	1	0
19	25755176	25764604	9429	H2_del	0	0	0	1	0	0	0	0
19	25761157	25764370	3214	Q2_del	0	0	0	0	0	1	1	1
19	25811503	25811903	401	Q1_del	0	1	0	1	0	1	1	1
19	25828048	25830331	2284	H2_del	1	1	1	1	0	1	1	1
19	25894838	25895082	245	H2_del	1	1	0	1	0	1	1	1
19	25911003	25911192	190	H1_del	1	1	0	1	0	1	1	1
19	25931980	25932707	728	H2_del	1	1	0	1	0	1	1	1
19	26040217	26041179	963	Q5_del	1	1	0	1	0	1	1	0
19	26237387	26243796	6410	H2_del	0	0	0	0	0	0	0	1
19	26269916	26270406	491	H2_del	1	1	1	1	0	1	1	1
19	26290261	26290629	369	H2_del	0	0	0	0	0	0	0	1
19	26343902	26344047	146	H1_del	1	1	1	1	0	1	1	1
19	26392507	26395731	3225	H1_del	1	1	1	0	0	0	0	1
19	26536866	26536948	83	Q7_del	1	1	1	0	0	0	0	0
19	26610811	26612294	1484	Q9_inv	0	1	0	0	0	0	0	0
19	26713585	26713808	224	H1_del	1	0	0	0	0	0	0	0
19	27092432	27093075	644	Q7_del	0	1	0	0	0	0	0	0
19	27131411	27133493	2083	H2_del	1	1	0	0	0	0	0	1
19	27200801	27200904	104	H1_del	0	0	0	0	0	0	0	1
19	27492849	27497775	4927	H2_del	1	1	0	0	0	0	0	1
19	27702840	27703157	318	H2_del	1	0	0	0	0	0	0	0
19	27711344	27715431	4088	Q3_del	0	0	0	0	0	0	0	1
19	27722066	27722158	93	H1_del	1	0	0	0	0	0	0	0
19	27751400	27758161	6762	H2_del	1	0	0	0	0	0	0	1
19	28149480	28156173	6694	H2_del	1	0	0	0	0	0	0	1
19	28208113	28210208	2096	H2_del	1	0	0	0	0	0	0	0
19	28217355	28218192	838	Q3_del	1	0	0	0	0	0	0	0
19	28241936	28242458	523	Q1_del	1	0	0	0	0	0	0	0
19	28479518	28480608	1091	H2_del	1	0	0	0	0	0	0	0
19	28526391	28526916	526	Q7_del	1	1	0	0	0	0	0	0
19	28546317	28546480	164	Q7_del	1	0	0	0	0	0	0	0
19	28575119	28575826	708	H2_del	1	1	0	0	0	0	0	0
19	28685261	28685409	149	H1_del	1	1	0	0	0	0	0	1
19	28699342	28699550	209	H2_del	0	1	0	0	0	0	0	1
19	28817292	28817679	388	H1_del	0	0	0	0	0	0	0	1
19	28848607	28848782	176	H2_del	0	1	0	0	0	0	0	1
19	28889190	28889319	130	H2_del	0	1	0	0	0	0	0	1
19	28929950	28930312	363	H1_del	0	1	0	0	0	0	0	1
19	29225655	29226130	476	H2_del	0	1	0	0	0	0	0	1
19	29450797	29451359	563	Q7_del	0	1	1	0	0	0	0	0
19	29660650	29660774	125	Q1_del	1	1	1	1	1	1	1	1
19	29983769	29983999	231	Q7_del	0	1	0	1	0	1	1	1
19	29990726	29997178	6453	H2_del	0	1	0	0	0	0	0	1
19	30198512	30198612	101	H1_del	0	0	0	1	0	1	1	0
19	30226070	30226345	276	H2_del	0	0	0	1	0	1	1	1
19	30251097	30251425	329	H2_del	0	0	0	1	0	1	1	0
19	30478295	30478511	217	Q7_del	0	0	0	1	0	1	1	0
19	30566481	30567080	600	Q7_del	0	0	0	0	0	0	0	1
19	30597453	30597657	205	Q7_del	0	0	0	0	0	0	0	1
19	30628457	30630096	1640	H2_del	0	0	0	0	0	0	0	1
19	30645482	30645666	185	Q7_del	0	0	0	0	0	0	0	1
19	30654798	30662263	7466	H2_del	0	0	0	0	0	0	0	1
19	30851449	30851935	487	H2_del	0	0	0	0	0	0	0	1
19	30867308	30867871	564	Q3_del	0	0	0	0	0	0	0	1
19	30963644	30967917	4274	H2_del	0	0	0	0	0	0	0	1
19	31205983	31206731	749	Q6_del	1	1	1	1	0	1	1	1
19	31429311	31429786	476	H2_del	0	0	0	0	0	0	0	1
19	31534143	31534308	166	H1_del	0	0	0	0	0	0	0	1
19	31548937	31549011	75	H1_del	0	0	0	0	0	0	0	1
19	31835892	31836369	478	H2_del	0	0	0	0	0	0	0	1
19	31837602	31841966	4365	H2_del	0	0	0	0	0	0	0	1
19	31849173	31849656	484	H2_del	0	0	0	0	0	0	0	1
19	31866367	31866581	215	Q7_del	0	0	0	0	0	0	0	1
19	31929659	31930503	845	Q6_del	0	1	0	1	0	1	0	0
19	31937143	31943808	6666	H2_del	0	0	0	0	0	0	0	1
19	31997387	31997968	582	H2_del	0	0	0	0	0	0	0	1
19	32033369	32039779	6411	H2_del	0	0	0	0	0	0	0	1
19	32080027	32081245	1219	Q7_del	1	1	1	1	0	1	1	0
19	32085464	32087230	1767	H2_del	1	1	1	1	0	1	1	0
19	32203169	32209566	6398	H2_del	1	1	1	1	0	1	1	1
19	32376842	32377043	202	H1_del	1	1	1	1	0	1	1	1
19	32438532	32439549	1018	Q7_del	0	0	0	0	0	0	0	1
19	32441887	32448951	7065	H2_del	0	0	0	0	0	0	0	1
19	32457521	32458006	486	H1_del	0	0	0	0	0	0	0	1
19	32575874	32576454	581	H2_del	0	0	0	1	0	1	1	0
19	32578254	32578914	661	Q7_del	0	0	0	1	0	1	1	0
19	32738436	32738637	202	H2_del	1	0	1	1	0	1	1	0
19	32750012	32750224	213	H2_del	0	0	0	1	0	1	1	0
19	32766786	32766911	126	Q7_del	1	0	1	0	0	0	0	0
19	32788191	32788337	147	H2_del	1	0	1	0	0	0	0	0
19	32876510	32879464	2955	H2_del	1	0	1	1	0	1	1	0
19	32984760	32984956	197	H2_del	1	0	1	0	0	0	0	0
19	33218278	33219283	1006	Q6_del	1	1	1	1	1	1	1	1
19	34223143	34224004	862	H1_del	1	0	1	0	0	0	0	0
19	34379555	34380593	1039	H2_del	1	0	1	0	0	0	0	0
19	34392319	34392381	63	H2_del	1	0	1	0	0	0	0	0
19	34585610	34609910	24301	H10_dup	0	1	0	1	0	1	1	1
19	34675781	34675903	123	Q7_del	1	0	1	0	0	0	0	0
19	34692958	34693120	163	Q3_del	1	0	1	0	0	0	0	0
19	34762274	34762518	245	H1_del	1	0	1	0	0	0	0	0
19	34864711	34866509	1799	H2_del	1	0	1	0	0	0	0	0
19	34978610	34979483	874	Q7_del	1	0	1	0	0	0	0	0
19	34981961	34982175	215	H1_del	1	0	1	0	0	0	0	0
19	35076375	35079800	3426	H2_del	1	0	1	0	0	0	0	0
19	35092054	35092493	440	Q7_del	1	0	1	0	0	0	0	0
19	35110406	35110571	166	Q7_del	1	0	1	0	0	0	0	0
19	36469383	36469588	206	H1_del	1	1	1	0	0	0	0	0
19	36762554	36763867	1314	H3_del	1	1	1	1	0	1	1	1
19	36802954	36803132	179	H2_del	1	1	1	1	0	1	1	1
19	37057973	37058412	440	H2_del	1	1	1	1	0	1	1	1
19	37220708	37221475	768	Q6_del	0	0	1	1	0	0	1	1
19	37478445	37478707	263	Q7_del	1	1	1	0	0	0	0	1
19	37481179	37481334	156	H1_del	1	1	1	1	0	1	1	1
19	37586703	37586863	161	H1_del	1	1	1	1	0	1	1	1
19	37594837	37595308	472	Q7_del	1	1	1	1	0	1	1	1
19	37617431	37624494	7064	H2_del	1	1	1	1	0	1	1	1
19	37798737	37799210	474	H1_del	1	1	1	1	0	1	1	1
19	37803823	37803938	116	Q7_del	1	1	1	1	0	1	1	1
19	37843871	37844457	587	H2_del	1	1	1	1	0	1	1	1
19	38010936	38011069	134	Q7_del	1	1	1	1	0	1	1	1
19	38018819	38019333	515	Q7_del	1	1	1	1	0	1	1	1
19	38020578	38021299	722	H1_del	1	1	1	1	0	1	1	1
19	38021758	38021986	229	H1_del	1	1	1	1	0	1	1	1
19	38029140	38030048	909	H1_del	1	0	1	1	0	1	1	1
19	38047612	38048231	620	Q5_del	1	1	1	1	0	1	1	1
19	38078962	38080316	1355	H1_del	1	1	1	1	0	1	1	1
19	38215216	38215421	206	H1_del	1	1	1	1	0	1	1	1
19	38374960	38382102	7143	H2_del	1	1	1	1	0	1	1	1
19	38424915	38425092	178	H2_del	1	1	1	0	0	0	0	1
19	38443908	38444018	111	H1_del	1	1	1	0	0	0	0	1
19	38456302	38458700	2399	Q9_inv	1	1	1	0	0	0	0	1
19	38490254	38495247	4994	Q7_del	0	0	0	1	0	1	1	0
19	38684978	38685188	211	Q7_del	0	0	0	1	0	1	1	0
19	38755866	38755935	70	H2_del	1	1	1	1	0	1	1	1
19	38828499	38828789	291	Q7_del	1	1	1	1	0	1	1	1
19	38852106	38852767	662	Q7_del	1	1	1	1	0	1	1	1
19	38952255	38952300	46	H1_del	1	1	1	1	0	1	1	1
19	38988333	38988523	191	H1_del	1	1	1	0	0	0	0	1
19	38996521	38996607	87	H2_del	1	1	1	0	0	0	0	1
19	39014199	39014504	306	H1_del	1	1	1	0	0	0	0	1
19	39129352	39130247	896	Q6_del	0	1	0	0	0	0	1	1
19	39131539	39135351	3813	H2_del	1	1	1	1	0	1	1	1
19	39142795	39143022	228	H2_del	1	1	1	1	0	1	1	1
19	39145663	39156334	10672	H2_del	1	1	1	1	0	1	1	1
19	39180758	39181576	819	Q3_del	1	1	1	1	0	1	1	1
19	39333858	39348373	14516	Q4_del	1	1	1	1	0	1	1	1
19	39381184	39388326	7143	H2_del	1	1	1	1	0	1	1	1
19	39392414	39398677	6264	H1_del	1	1	1	1	0	1	1	1
19	39412433	39419843	7411	H2_del	1	1	1	1	0	1	1	1
19	39420599	39426886	6288	H2_del	1	1	1	1	0	1	1	1
19	39498116	39498229	114	H1_del	1	1	1	1	0	1	1	1
19	39505866	39506051	186	Q7_del	1	1	1	1	0	1	1	1
19	39516514	39516792	279	H1_del	1	1	1	1	0	1	1	1
19	39517696	39524264	6569	H1_del	1	1	1	1	0	1	1	1
19	39537189	39537799	611	H1_del	1	1	1	1	0	1	1	1
19	39599959	39607079	7121	H2_del	1	1	1	1	0	1	1	1
19	39678109	39684437	6329	H2_del	1	1	1	1	0	1	1	1
19	39691632	39695322	3691	H2_del	1	1	1	1	0	1	1	1
19	39723911	39724046	136	H2_del	1	1	1	0	0	0	0	1
19	39779479	39785124	5646	Q3_del	0	0	0	1	0	1	1	0
19	39947224	39949274	2051	H1_del	1	1	1	0	0	0	0	1
19	39959414	39959761	348	H1_del	1	1	1	0	0	0	0	1
19	39962187	39970822	8636	H2_del	1	1	1	0	0	0	0	1
19	39981607	39987527	5921	Q3_del	1	1	1	0	0	0	0	1
19	40014906	40018452	3547	H1_del	1	1	1	0	0	0	0	1
19	40020443	40026205	5763	H2_del	1	1	1	1	0	1	1	1
19	40095826	40096363	538	H2_del	1	1	1	0	0	0	0	1
19	40101581	40102220	640	H2_del	1	1	1	0	0	0	0	1
19	40204338	40205731	1394	H3_del	1	1	1	0	0	0	0	1
19	40207841	40208182	342	H2_del	1	1	1	0	0	0	0	1
19	40208790	40210508	1719	Q3_del	1	1	1	0	0	0	0	1
19	40215226	40215940	715	Q7_del	0	0	0	1	0	1	1	0
19	40222454	40223030	577	Q6_del	1	1	0	1	0	1	0	1
19	40237338	40237915	578	H2_del	1	1	1	1	0	1	1	1
19	40508428	40508858	431	Q1_del	1	1	1	1	0	1	1	1
19	40547274	40547397	124	H1_del	1	1	1	1	0	1	1	1
19	40559014	40561717	2704	H2_del	1	1	1	1	0	0	1	1
19	40621786	40624621	2836	H2_del	1	1	1	1	0	1	1	1
19	40773387	40773604	218	H2_del	0	0	0	1	0	1	1	0
19	40816331	40816577	247	H1_del	0	0	0	1	0	1	1	0
19	40923021	40923262	242	H2_del	1	1	1	0	0	0	0	1
19	40929663	40930261	599	Q5_del	1	1	1	0	0	0	0	1
19	40934892	40935006	115	H1_del	1	1	1	0	0	0	0	1
19	40944571	40944775	205	H1_del	0	1	0	1	0	1	1	1
19	41049553	41049926	374	H1_del	1	0	1	0	0	0	0	0
19	41094601	41094736	136	Q7_del	0	1	0	1	0	1	1	1
19	41370997	41371020	24	H2_del	1	1	1	1	0	1	1	1
19	41393730	41394979	1250	H1_del	1	1	1	1	0	1	1	1
19	41467992	41473059	5068	H2_del	1	1	1	1	0	1	1	0
19	41489481	41489771	291	Q7_del	1	1	1	1	0	1	1	1
19	41525261	41526973	1713	H2_del	1	1	1	1	0	1	1	1
19	41647972	41648170	199	H1_del	1	1	1	1	0	1	1	1
19	41762668	41762847	180	H1_del	1	0	1	0	0	0	0	0
19	41769377	41769391	15	H1_del	1	0	1	0	0	0	0	0
19	41782718	41782937	220	H2_del	1	0	1	0	0	0	0	0
19	41820406	41821529	1124	H10_dup	1	0	1	0	0	0	0	0
19	41821791	41822499	709	H2_del	1	0	1	0	0	0	0	0
19	41873087	41873235	149	Q7_del	1	1	1	1	0	1	1	1
19	41929386	41929593	208	H1_del	0	1	0	1	0	1	1	1
19	41936424	41936631	208	H1_del	1	1	1	1	0	1	1	1
19	42059529	42059743	215	H1_del	1	1	1	1	0	1	1	1
19	42084879	42085158	280	H1_del	1	1	1	1	0	1	1	1
19	42094123	42094339	217	H2_del	1	0	1	0	0	0	0	0
19	42097722	42097973	252	H1_del	1	0	1	0	0	0	0	0
19	42105937	42106072	136	H2_del	1	1	1	1	0	1	1	1
19	42109604	42109815	212	H1_del	1	1	1	1	0	1	1	1
19	42112405	42112597	193	Q7_del	1	1	1	1	0	1	1	1
19	42114539	42114730	192	H1_del	1	1	1	1	0	1	1	1
19	42260790	42260998	209	H2_del	1	0	1	0	0	0	1	0
19	42324920	42325005	86	H1_del	1	1	1	1	0	1	1	1
19	42345976	42350329	4354	H2_del	1	0	1	0	0	0	1	0
19	42441374	42441520	147	H1_del	1	1	1	0	0	0	1	1
19	42463427	42463703	277	H1_del	1	1	1	0	0	0	1	1
19	42548612	42548654	43	H2_del	1	1	1	1	0	1	1	1
19	42555280	42558912	3633	H2_del	1	1	1	1	0	1	1	1
19	42560302	42560876	575	Q5_del	1	1	1	1	0	1	1	1
19	42565202	42565604	403	Q7_del	1	1	1	1	0	1	1	1
19	42609280	42609445	166	H2_del	1	1	1	1	0	1	1	1
19	42782973	42783497	525	H2_del	1	1	1	1	0	1	1	1
19	42886789	42888049	1261	Q7_del	0	1	0	0	0	0	0	1
19	42939435	42939823	389	H2_del	1	1	1	1	0	1	1	1
19	42962443	42962455	13	H1_del	0	1	0	0	0	0	0	1
19	42962996	42963658	663	H2_del	0	1	0	0	0	0	0	1
19	42998446	43005075	6630	H2_del	1	1	1	1	0	1	1	1
19	43019008	43020070	1063	H1_del	1	1	1	0	0	0	1	1
19	43047032	43047558	527	H2_del	1	1	1	0	0	0	1	1
19	43075320	43081579	6260	H2_del	1	1	1	0	0	0	1	1
19	43144981	43145182	202	H2_del	1	1	1	1	0	1	1	1
19	43239132	43239889	758	H2_del	1	1	1	0	0	0	1	1
19	43352646	43353586	941	Q5_del	1	1	1	1	0	1	1	1
19	43431177	43431318	142	H1_del	0	0	0	1	0	1	0	0
19	43522855	43523471	617	Q7_del	1	1	1	1	0	1	1	1
19	43536624	43537441	818	H1_del	0	1	0	1	0	1	0	1
19	43578325	43578537	213	Q1_del	1	1	1	1	0	1	1	1
19	43633950	43634124	175	Q7_del	1	1	1	1	0	1	1	1
19	43713124	43713334	211	H1_del	1	1	1	1	0	1	1	1
19	43717537	43719246	1710	Q9_inv	1	1	1	1	0	1	1	1
19	43808086	43808307	222	Q7_del	1	1	1	1	0	1	1	1
19	43864849	43865022	174	H2_del	1	1	1	1	0	1	1	1
19	43951817	43952040	224	H2_del	1	1	1	1	0	1	1	1
19	44002719	44004135	1417	H1_del	1	0	1	1	0	1	1	0
19	44101324	44101471	148	H1_del	0	1	0	0	0	0	0	1
19	44120441	44120768	328	Q7_del	1	1	1	1	0	1	1	1
19	44140934	44141130	197	H2_del	0	1	0	0	0	0	0	1
19	44165272	44171656	6385	H2_del	1	1	1	1	0	1	1	1
19	44215922	44216120	199	Q7_del	0	0	0	0	0	0	0	1
19	44218551	44224954	6404	H2_del	1	0	1	0	0	0	1	1
19	44269080	44269210	131	Q7_del	1	0	1	0	0	0	1	0
19	44269887	44270061	175	H1_del	1	0	1	0	0	0	1	0
19	44322196	44322843	648	Q1_del	0	1	0	1	0	1	0	1
19	44330937	44331469	533	Q7_del	0	1	0	1	0	1	0	0
19	44345201	44345646	446	H1_del	0	0	0	0	0	0	0	1
19	44359621	44360982	1362	Q5_del	0	0	0	1	0	0	0	0
19	44479129	44479255	127	Q7_del	1	0	1	0	0	0	1	0
19	44491497	44491592	96	H1_del	1	0	1	0	0	0	1	0
19	44491712	44492199	488	Q7_del	1	0	1	0	0	0	1	0
19	44612423	44613094	672	H1_del	1	0	1	0	0	0	1	0
19	44626063	44626808	746	H1_del	1	0	1	0	0	0	1	0
19	45009544	45009743	200	H2_del	0	0	0	1	0	1	0	0
19	45059896	45060071	176	H2_del	0	0	0	1	0	1	0	1
19	45063155	45063828	674	Q5_del	0	0	0	1	0	1	0	1
19	45089330	45089423	94	Q7_del	0	1	0	1	0	1	0	0
19	45090066	45096462	6397	H2_del	1	1	1	1	0	1	1	1
19	45131267	45131897	631	H1_del	0	1	0	1	0	1	0	0
19	45141446	45141506	61	H1_del	0	1	0	0	0	0	0	0
19	45175395	45175728	334	H1_del	0	0	0	1	0	1	0	0
19	45181605	45191885	10281	H2_del	1	1	1	0	0	0	1	1
19	45193417	45193799	383	Q7_del	1	1	1	0	0	0	1	1
19	45197173	45198039	867	H1_del	1	1	1	0	0	0	1	1
19	45202758	45205827	3070	Q3_del	1	1	1	0	0	0	1	1
19	45214434	45214581	148	H1_del	1	0	1	1	0	1	1	1
19	45219610	45219829	220	H1_del	1	0	1	0	0	0	1	1
19	45288228	45288421	194	H2_del	1	1	1	0	0	0	1	1
19	45288641	45288827	187	H2_del	1	1	1	0	0	0	1	1
19	45324144	45324675	532	Q5_del	1	1	1	0	0	0	1	1
19	45363887	45372671	8785	Q6_del	0	0	0	1	0	1	0	0
19	45372103	45372624	522	Q6_del	0	0	0	1	0	1	0	0
19	45674990	45675031	42	H1_del	0	0	0	0	0	0	0	1
19	45699125	45706241	7117	H2_del	1	1	1	1	0	1	1	1
19	45707734	45708312	579	Q7_del	1	1	1	1	0	1	1	1
19	45759012	45759316	305	H2_del	1	1	1	1	0	1	1	1
19	45810574	45810880	307	H2_del	1	1	1	0	0	0	1	0
19	45829848	45830092	245	H2_del	0	1	0	1	0	1	0	1
19	45852607	45852824	218	Q7_del	0	1	0	0	0	0	0	0
19	45914876	45915059	184	H2_del	0	0	0	1	0	1	0	1
19	45985853	45986040	188	H2_del	0	1	0	1	0	1	0	1
19	46017972	46018229	258	Q1_del	1	1	1	0	0	0	1	0
19	46020304	46021747	1444	Q7_del	1	1	1	0	0	0	1	0
19	46048687	46048900	214	H2_del	1	0	1	1	0	1	1	1
19	46151397	46151504	108	Q7_del	0	1	0	1	0	1	0	1
19	46218024	46218349	326	Q7_del	1	1	1	1	0	1	1	1
19	46227028	46227303	276	H2_del	1	1	1	1	0	1	1	1
19	46229045	46229603	559	Q7_del	1	1	1	1	0	1	1	1
19	46359944	46360155	212	H2_del	1	1	1	1	0	1	1	1
19	46522905	46523161	257	H1_del	0	1	0	1	0	1	0	1
19	46534273	46534433	161	H2_del	1	0	1	0	0	0	1	0
19	46536684	46536898	215	H2_del	1	0	1	0	0	0	1	0
19	46538607	46538821	215	H2_del	1	0	1	0	0	0	1	0
19	46545431	46545661	231	H2_del	1	1	1	1	0	1	1	1
19	46550563	46550637	75	Q2_del	1	1	1	1	0	1	1	1
19	46566146	46566931	786	Q5_del	0	1	0	1	0	1	0	1
19	46566855	46567070	216	H2_del	1	0	1	0	0	0	1	0
19	46605331	46605675	345	H1_del	1	1	1	1	0	1	1	1
19	46651458	46651661	204	H2_del	1	1	1	1	0	1	1	1
19	46697492	46697590	99	H2_del	1	0	1	0	0	0	1	0
19	46718722	46719168	447	Q7_del	1	1	1	1	0	1	1	0
19	46752661	46753577	917	H1_del	1	1	1	1	0	1	1	0
19	46756568	46756664	97	H2_del	1	1	1	1	0	1	1	1
19	46849797	46849910	114	H1_del	1	1	1	1	0	1	1	0
19	46895937	46896070	134	H2_del	1	1	1	1	0	1	1	1
19	46955446	46955691	246	H2_del	0	0	0	0	0	0	0	1
19	46986868	46986971	104	H2_del	1	1	1	1	0	1	1	0
19	47056655	47057004	350	Q7_del	0	0	0	0	0	0	0	1
19	47147283	47147398	116	Q7_del	1	0	1	0	0	0	1	1
19	47147555	47147675	121	H1_del	0	1	0	1	0	1	0	0
19	47156318	47156591	274	H2_del	1	1	1	1	0	1	1	1
19	47158236	47158929	694	H1_del	1	1	1	1	0	1	1	1
19	47163205	47164443	1239	H1_del	1	0	1	0	0	0	1	0
19	47171963	47172169	207	H2_del	1	0	1	1	0	1	1	0
19	47194570	47196462	1893	H2_del	1	1	1	1	0	1	1	1
19	47490299	47490567	269	H2_del	1	1	1	1	0	1	1	1
19	47572934	47573176	243	Q3_del	0	0	0	1	0	1	0	0
19	47590365	47593295	2931	H2_del	0	0	0	1	0	1	0	0
19	47593295	47596164	2870	Q2_del	0	1	0	0	0	0	0	0
19	47596164	47602620	6457	H2_del	0	0	0	1	0	1	0	0
19	47694228	47695266	1039	H1_del	1	1	1	1	0	1	1	1
19	47861788	47861895	108	H1_del	0	1	0	1	0	1	0	0
19	47949503	47950083	581	H2_del	1	1	1	0	0	0	1	1
19	47973434	47974189	756	H2_del	1	0	1	0	0	0	1	1
19	47986567	47987402	836	Q2_del	1	0	1	0	0	0	1	1
19	48010967	48010989	23	H1_del	1	0	1	0	0	0	1	1
19	48051529	48051755	227	Q7_del	1	1	1	1	0	1	1	1
19	48054156	48054720	565	Q7_del	1	1	1	1	0	1	1	1
19	48095742	48095910	169	H1_del	1	1	1	1	0	1	1	1
19	48105587	48106050	464	H2_del	1	1	1	1	0	1	1	1
19	48129599	48129712	114	Q7_del	1	1	1	1	0	1	1	1
19	48225807	48232292	6486	H2_del	1	0	1	0	0	0	1	1
19	48402391	48402621	231	Q7_del	1	0	1	0	0	0	1	1
19	48433768	48433989	222	H2_del	1	0	1	0	0	0	1	1
19	48435266	48436121	856	Q5_del	1	0	1	0	0	0	1	1
19	48515546	48515771	226	H1_del	1	0	1	0	0	0	1	1
19	48516716	48517174	459	H2_del	1	0	1	0	0	0	1	1
19	49663619	49665817	2199	H2_del	0	1	0	0	0	0	0	0
19	49862497	49862624	128	Q7_del	0	0	0	0	0	0	0	1
19	49870858	49871100	243	H2_del	0	0	0	0	0	0	0	1
19	49891275	49892709	1435	H1_del	0	0	0	0	0	0	0	1
19	50059423	50059712	290	H1_del	0	1	0	0	0	0	0	0
19	50063191	50063649	459	H1_del	0	0	0	0	0	0	1	0
19	50107875	50114435	6561	H2_del	0	1	0	0	0	0	0	1
19	50174164	50174551	388	H1_del	0	1	0	0	0	0	0	0
19	50177645	50177909	265	H1_del	0	1	0	0	0	0	0	1
19	50194582	50194924	343	H2_del	0	0	0	0	0	0	0	1
19	50294048	50294096	49	H1_del	0	1	0	0	0	0	0	0
19	50423232	50423372	141	Q7_del	0	0	0	0	0	0	0	1
19	50426224	50433114	6891	H2_del	0	0	0	0	0	0	0	1
19	50540801	50541343	543	H3_del	1	1	1	0	0	0	1	1
19	50544122	50544391	270	Q7_del	1	1	1	0	0	0	1	1
19	50551093	50557886	6794	H1_del	1	1	1	0	0	0	1	1
19	50598337	50601960	3624	H1_del	1	1	1	0	0	0	1	1
19	50627286	50629256	1971	H1_del	1	1	1	0	0	0	1	1
19	50635232	50635367	136	Q1_del	1	1	1	0	0	0	1	1
19	50711463	50711522	60	Q7_del	1	1	1	0	0	0	1	1
19	50740972	50742763	1792	H1_del	0	0	0	0	0	0	0	1
19	50754152	50756185	2034	H1_del	1	1	1	0	0	0	0	1
19	50793347	50794785	1439	H1_del	0	1	0	0	0	0	0	0
19	50795739	50796156	418	H1_del	1	1	1	0	0	0	0	1
19	50828864	50835088	6225	H1_del	1	1	1	0	0	0	0	1
19	50840289	50840435	147	H1_del	0	1	0	0	0	0	0	1
19	50848313	50848523	211	H1_del	0	1	0	0	0	0	0	1
19	50848399	50850137	1739	Q2_del	1	0	1	0	0	0	0	0
19	50863459	50865987	2529	H1_del	1	1	1	0	0	0	0	1
19	50868620	50868699	80	H1_del	1	1	1	0	0	0	0	1
19	50875156	50875213	58	H1_del	1	1	1	0	0	0	0	1
19	50884204	50884286	83	H1_del	0	1	0	0	0	0	0	1
19	50891329	50892389	1061	H1_del	1	1	1	0	0	0	0	1
19	50907692	50908611	920	H2_del	1	1	1	0	0	0	0	1
19	51085921	51092343	6423	H1_del	1	0	1	0	0	0	0	1
19	51108483	51115168	6686	H1_del	1	0	1	0	0	0	0	1
19	51200402	51200898	497	H2_del	0	0	0	0	0	0	0	1
19	51212128	51212215	88	H2_del	0	0	0	0	0	0	0	1
19	51543846	51550027	6182	H1_del	0	0	0	1	0	1	1	0
19	51551227	51553289	2063	H2_del	0	0	0	1	0	1	1	0
19	51554087	51554164	78	H1_del	0	0	0	1	0	1	1	0
19	51569793	51570174	382	H2_del	0	0	0	1	0	1	1	0
19	51648162	51657576	9415	H2_del	0	0	0	1	0	1	1	0
19	51740704	51740924	221	H2_del	0	0	0	1	0	1	1	1
19	51819591	51820039	449	H2_del	0	0	0	0	0	0	0	1
19	51899694	51906352	6659	H2_del	0	0	0	0	0	0	0	1
19	51949117	51955751	6635	H2_del	0	0	0	0	0	0	0	1
19	51958086	51959025	940	H1_del	0	0	0	0	0	0	0	1
19	52033723	52035233	1511	H2_del	0	0	0	0	0	0	0	1
19	52039574	52039780	207	H2_del	0	0	0	0	0	0	0	1
19	52215501	52216461	961	H2_del	0	0	0	0	0	0	0	1
19	52218991	52219204	214	H2_del	0	0	0	0	0	0	0	1
19	52303207	52309639	6433	H2_del	1	1	1	1	0	1	1	1
19	52724575	52725823	1249	H2_del	1	0	1	1	0	1	1	1
19	52751881	52752101	221	H2_del	1	0	1	1	0	1	1	1
19	52839018	52839500	483	H2_del	1	0	1	1	0	1	1	1
19	52943889	52945446	1558	Q9_inv	1	0	1	1	0	1	1	1
19	52967934	52971304	3371	H2_del	1	0	1	1	0	1	1	1
19	52985513	52990952	5440	H2_del	1	1	1	1	0	1	1	1
19	53474123	53474300	178	Q7_del	1	1	1	1	0	1	1	1
19	53588201	53589055	855	H2_del	1	1	1	1	0	1	1	1
19	53882820	53882986	167	H1_del	1	1	1	1	0	1	1	1
19	54417701	54417729	29	H1_del	1	0	0	0	0	0	1	0
19	54483316	54483676	361	H2_del	0	1	0	0	0	0	0	0
19	54485879	54487167	1289	H1_del	0	1	0	0	0	0	0	0
19	54487368	54488478	1111	Q7_del	0	1	0	0	0	0	0	0
19	54574837	54578988	4152	H2_del	0	1	0	0	0	0	0	0
19	54994938	55001521	6584	H2_del	1	1	1	1	0	1	1	1
19	55042466	55042600	135	H1_del	1	1	1	1	0	1	1	1
19	55062976	55063347	372	Q1_del	1	1	1	1	0	1	1	1
19	55111416	55111678	263	H2_del	0	1	0	0	0	0	0	0
19	55132430	55133163	734	H1_del	0	1	0	0	0	0	0	0
19	55159967	55160338	372	H1_del	0	1	0	0	0	0	0	0
19	55234461	55234675	215	H2_del	0	0	0	0	0	0	0	1
19	55368313	55369064	752	Q7_del	0	1	0	1	0	1	1	1
19	55435650	55435685	36	Q7_del	1	1	1	1	0	1	1	1
19	55454815	55455097	283	H2_del	1	1	1	1	0	1	1	1
19	55514645	55515798	1154	Q7_del	1	1	1	1	0	1	1	1
19	55518379	55519142	764	H3_del	1	1	1	1	0	1	1	1
19	55558164	55559343	1180	H2_del	0	1	0	0	0	0	0	0
19	55695455	55696386	932	Q7_del	1	1	1	1	0	1	1	1
19	55820848	55821050	203	H1_del	0	1	0	0	0	0	0	0
19	56117001	56117917	917	H2_del	0	1	0	0	0	0	0	0
19	56215605	56215850	246	H2_del	0	0	0	1	0	1	1	0
19	56257009	56258963	1955	H2_del	0	1	0	1	0	1	1	1
19	56353147	56353221	75	H1_del	0	0	0	0	0	1	1	1
19	56382910	56383019	110	Q7_del	0	1	0	1	0	1	1	1
19	56463734	56464389	656	Q7_del	0	0	0	1	0	1	1	0
19	56488885	56488982	98	Q7_del	0	1	0	0	0	0	0	0
19	56611781	56611850	70	H1_del	0	1	0	0	0	0	0	0
19	56796762	56797212	451	Q7_del	0	1	0	1	0	0	0	0
19	56951242	56951486	245	H1_del	0	1	0	0	0	0	0	0
19	56970730	56970926	197	H2_del	0	1	0	1	0	1	1	0
19	56971877	56972671	795	Q7_del	0	1	0	1	0	1	1	0
19	57074165	57074608	444	H1_del	0	1	1	1	0	1	1	1
19	57113405	57113606	202	Q1_del	0	1	1	1	0	1	1	1
19	57126102	57126160	59	H1_del	0	1	1	1	0	1	1	1
19	57135299	57135849	551	H2_del	0	1	1	1	0	1	1	0
19	57158588	57159339	752	H1_del	0	1	1	1	0	1	1	0
19	57171991	57172048	58	H2_del	0	1	1	1	0	1	1	1
19	57213976	57214403	428	H1_del	0	1	1	1	0	1	1	1
19	57232291	57232342	52	H1_del	0	1	1	1	0	1	1	0
19	57251237	57251421	185	Q1_del	0	1	1	1	0	1	1	1
19	57337657	57338101	445	H3_del	0	0	0	0	0	0	0	1
19	57344600	57345450	851	Q2_del	0	0	0	0	0	0	0	1
19	57345450	57348806	3357	Q7_del	0	0	0	0	0	0	0	1
19	57379579	57379762	184	H1_del	0	0	0	0	0	0	0	1
19	57404062	57404263	202	H1_del	0	0	0	0	0	0	0	1
19	57429794	57431290	1497	H1_del	0	1	0	1	0	1	1	0
19	57437754	57438127	374	H1_del	0	0	0	0	0	0	0	1
19	57455544	57455664	121	Q7_del	0	0	1	0	0	0	0	1
19	57458430	57458647	218	Q7_del	0	0	1	0	0	0	0	1
19	57459548	57460015	468	Q7_del	0	0	1	0	0	0	0	1
19	57460969	57461998	1030	H1_del	0	0	1	0	0	0	0	1
19	57463417	57463611	195	H1_del	0	0	1	0	0	0	0	1
19	57514199	57520654	6456	H2_del	0	1	1	1	0	1	1	1
19	57601948	57602705	758	H1_del	0	1	1	1	0	1	1	1
19	57715319	57715490	172	Q7_del	0	1	1	1	0	1	1	1
19	57741008	57741220	213	H2_del	1	1	1	1	0	1	1	1
19	57774370	57774576	207	H2_del	1	1	1	1	0	1	1	1
19	57827072	57832565	5494	H2_del	1	1	1	1	0	1	1	1
19	57866888	57866933	46	Q7_del	1	1	1	1	0	1	1	1
19	57891731	57891776	46	H1_del	1	1	1	1	0	1	1	1
19	57938244	57939734	1491	Q9_inv	1	0	1	1	0	1	1	1
19	58012593	58014501	1909	H2_del	1	1	1	1	0	1	1	1
19	58122616	58122663	48	H1_del	1	0	1	1	0	1	1	1
19	58283327	58283894	568	Q7_del	1	1	1	1	0	1	1	1
19	58318079	58319321	1243	Q7_del	1	1	1	1	0	1	1	1
19	58359863	58360148	286	H1_del	1	1	1	1	0	1	1	1
19	58560996	58561164	169	H1_del	0	1	0	0	0	0	0	0
19	58573684	58574002	319	Q7_del	0	1	0	0	0	0	0	0
19	58770303	58770618	316	Q7_del	1	1	0	1	0	1	1	0
19	58775754	58775859	106	H2_del	0	0	1	0	0	0	0	1
19	58965569	58967667	2099	Q7_del	1	1	0	1	0	1	1	0
19	59213083	59213907	825	H2_del	1	1	1	0	0	0	0	1
19	59221866	59224790	2925	H2_del	1	1	1	0	0	0	0	1
19	59322294	59322797	504	H2_del	1	1	0	1	0	1	1	0
19	59349343	59351486	2144	H8_dup	0	0	0	1	0	1	1	0
19	59421684	59421950	267	Q7_del	1	1	1	1	0	1	1	1
19	59480470	59480602	133	Q1_del	1	1	1	1	0	1	1	1
19	59505519	59505609	91	Q7_del	1	1	1	1	0	1	1	1
19	59531243	59531554	312	H2_del	1	1	1	1	0	1	1	1
19	59593313	59593393	81	H2_del	1	1	1	1	0	1	1	1
19	59603313	59610508	7196	H2_del	1	1	1	1	0	1	1	1
19	59662152	59665036	2885	H2_del	1	1	1	1	0	1	1	1
19	59736012	59736531	520	Q7_del	1	1	1	1	0	1	1	1
19	59766728	59767311	584	H2_del	1	1	1	1	0	1	1	1
19	59814041	59820262	6222	H2_del	1	1	1	1	0	1	1	1
19	59825074	59826721	1648	H1_del	1	1	1	1	0	1	1	1
19	59872017	59874911	2895	H2_del	1	1	1	1	0	1	1	1
19	59884967	59885317	351	Q7_del	1	1	1	1	0	1	1	1
19	59924984	59927369	2386	H4_inv	1	0	0	1	0	1	1	1
19	59952144	59952229	86	H2_del	1	0	0	1	0	1	1	1
19	59952789	59953007	219	Q1_del	1	0	0	1	0	1	1	1
19	59977596	59977675	80	H1_del	1	0	0	1	0	1	1	1
19	59983458	59983596	139	H1_del	1	0	0	1	0	1	1	1
19	59998330	59999835	1506	H1_del	1	0	0	1	0	1	1	1
19	60018706	60024947	6242	H2_del	1	1	1	1	0	1	1	1
19	60056200	60056820	621	H1_del	1	1	1	1	0	1	1	1
19	60070129	60070301	173	H1_del	1	1	1	1	0	1	1	1
19	60087097	60088277	1181	Q3_del	1	1	1	1	0	1	1	1
19	60105101	60105690	590	Q8_inv	1	1	1	1	0	1	1	0
19	60186920	60187008	89	H1_del	1	1	1	1	0	1	1	1
19	60231980	60232143	164	H1_del	1	1	1	1	0	1	1	1
19	60241384	60241445	62	H1_del	1	1	1	1	0	1	1	1
19	60290969	60291167	199	H2_del	1	1	1	1	0	1	1	1
19	60309296	60309621	326	H2_del	1	1	1	1	0	1	1	1
19	60347579	60354790	7212	H2_del	1	1	1	1	0	1	1	1
19	60412812	60412941	130	Q7_del	1	1	1	1	0	1	1	1
19	60424370	60424690	321	Q7_del	1	1	1	1	0	1	1	1
19	60465103	60465267	165	H1_del	1	1	1	1	0	1	1	1
19	60470114	60470211	98	Q7_del	1	1	1	1	0	1	1	1
19	60479698	60479782	85	H2_del	1	1	1	1	0	1	1	1
19	60528717	60534248	5532	Q6_del	1	1	1	1	0	1	1	1
19	60572752	60572934	183	H2_del	1	1	1	1	0	1	1	1
19	60585867	60586053	187	H2_del	1	1	1	1	0	1	1	1
19	60616978	60617065	88	Q7_del	1	1	1	1	0	1	1	1
19	60617734	60618151	418	Q3_del	1	1	1	1	0	1	1	1
19	60627420	60627596	177	H2_del	1	1	1	1	0	1	1	1
19	60641207	60642341	1135	H1_del	1	1	1	1	0	1	1	1
19	60643762	60650215	6454	H2_del	1	1	1	1	0	1	1	1
19	60653077	60654006	930	H3_del	1	1	1	1	0	1	1	1
19	60657101	60657620	520	H1_del	1	1	1	1	0	1	1	1
19	60690710	60690857	148	H1_del	1	1	1	1	0	1	1	1
19	60690716	60690841	126	H2_del	1	1	1	1	0	1	1	1
19	60691687	60692218	532	H1_del	0	1	1	1	0	1	1	0
19	60703653	60704764	1112	H2_del	1	1	1	1	0	1	1	1
19	60744202	60744326	125	H1_del	1	1	1	1	0	1	1	1
19	60747508	60747720	213	Q7_del	1	1	1	1	0	1	1	1
19	60773020	60773518	499	Q6_del	1	1	1	1	0	1	1	0
19	60801522	60801785	264	H2_del	1	1	1	1	0	1	1	1
19	60813476	60813628	153	H2_del	1	1	1	1	0	1	1	1
19	60828837	60829463	627	H1_del	1	1	1	1	0	1	1	1
19	60831312	60831554	243	H2_del	1	1	1	1	0	1	1	1
19	60834371	60834550	180	H1_del	1	1	1	1	0	1	1	1
19	60851572	60852752	1181	Q5_del	1	1	1	1	0	1	1	1
19	60852984	60853236	253	Q7_del	1	1	1	1	0	1	1	1
19	60853124	60853144	21	H1_del	1	0	0	0	0	0	0	0
19	60878806	60880470	1665	H1_del	0	1	1	1	0	1	1	0
19	60925315	60934035	8721	H2_del	1	1	1	1	0	1	1	1
19	60948599	60948780	182	H1_del	1	1	1	1	0	1	1	1
19	61025593	61025819	227	H2_del	1	1	1	1	0	1	1	1
19	61026629	61026854	226	Q1_del	1	1	1	1	0	1	1	1
19	61113120	61113381	262	H2_del	1	1	1	1	0	1	1	1
19	61114206	61114795	590	H2_del	1	1	1	1	0	1	1	1
19	61135277	61135625	349	Q7_del	1	1	1	1	0	1	1	1
19	61154659	61155701	1043	Q6_del	1	1	1	1	0	1	1	1
19	61168750	61175267	6518	H2_del	1	1	1	1	0	1	1	1
19	61192322	61192366	45	H1_del	1	1	1	1	0	1	1	1
